4
2
15
8
10
6
5
5
21
10
1
22
4
8
22
20
4
21
23
12
21
4
13
17
14
3
2
2
21
11
15
1
1
10
10
5
13
21
11
2
17
18
20
16
5
21
7
21
7
1
1
2
7
24
11
5
19
11
15
22
7
7
13
15
9
3
1
15
8
19
22
16
3
7
21
21
5
15
23
7
6
21
16
2
6
7
6
7
10
22
24
8
12
7
22
18
24
22
15
4
17
17
1
2
15
4
23
1
1
5
13
3
6
17
12
5
2
10
23
18
14
24
4
5
16
24
6
11
9
16
18
23
12
15
24
7
17
11
8
22
22
11
17
16
9
20
11
3
6
19
20
12
16
1
14
23
12
12
7
17
24
13
4
1
7
9
1
15
22
23
22
20
8
12
5
23
15
2
10
20
17
21
16
13
2
5
9
7
21
19
19
24
6
18
7
19
22
9
20
5
14
8
11
3
12
20
8
3
12
19
12
8
17
14
9
16
14
17
9
10
18
17
6
13
3
21
11
16
8
19
3
9
8
2
24
15
23
17
23
22
6
1
23
11
4
4
5
2
8
7
11
13
19
6
18
23
24
4
18
6
19
20
18
1
13
16
8
10
18
15
10
12
14
1
14
21
11
2
2
16
21
4
2
4
11
10
17
11
21
6
7
23
23
12
1
15
18
19
2
16
15
10
20
6
24
12
23
2
8
6
11
1
14
11
17
8
24
24
4
2
23
13
7
10
22
21
19
3
9
5
2
24
7
7
2
24
22
6
8
14
5
3
10
17
22
21
5
16
12
5
9
10
21
23
22
23
21
9
5
10
10
22
16
5
7
3
5
24
15
5
2
24
18
1
6
11
5
9
22
14
15
8
14
5
14
8
21
21
16
14
22
13
6
22
1
7
8
13
12
9
10
14
20
5
6
11
11
16
10
9
23
10
9
13
17
23
20
19
3
15
8
4
1
2
16
10
13
4
6
10
18
23
6
16
5
7
3
17
6
23
8
3
5
24
17
12
5
14
18
9
1
7
8
24
4
20
13
1
13
10
20
22
21
19
18
9
15
11
9
10
16
12
21
6
18
6
20
12
5
2
3
20
3
21
4
20
24
17
19
6
4
18
18
17
8
15
8
1
21
12
4
2
22
19
3
6
15
19
12
18
6
8
14
14
20
17
9
21
16
24
16
19
12
13
3
7
5
13
13
21
11
1
11
13
19
20
19
8
5
8
11
6
14
13
4
12
1
23
17
21
19
23
3
13
14
23
19
16
6
21
18
6
7
24
18
7
15
17
24
1
3
12
13
10
17
3
10
22
1
12
5
9
21
16
23
7
9
23
17
5
15
3
18
12
17
6
22
14
7
18
7
19
13
1
1
14
3
6
19
15
18
23
3
10
17
24
7
8
2
9
14
17
5
12
7
2
2
4
5
3
9
4
4
22
24
21
20
23
10
5
1
22
15
22
4
20
20
14
7
18
11
2
11
3
13
6
16
18
20
22
8
12
6
17
17
19
17
13
10
24
14
12
3
4
21
17
12
12
20
6
22
12
1
6
20
21
10
24
6
21
4
12
13
5
21
1
7
18
8
19
23
22
14
4
12
9
23
22
2
12
4
23
21
21
22
19
9
6
1
6
6
7
20
18
20
20
15
17
4
9
13
14
7
19
18
13
12
5
15
9
20
21
12
19
24
16
16
12
5
24
4
18
9
12
20
24
15
9
9
12
24
16
21
3
20
14
8
9
17
16
19
12
5
9
15
15
16
16
18
23
1
19
20
19
9
14
11
16
23
13
18
17
20
24
20
23
11
4
6
3
15
5
7
24
23
16
10
18
4
18
6
20
5
9
9
12
18
4
15
1
23
10
18
16
21
9
15
10
2
13
5
4
4
9
4
6
19
11
3
2
17
23
8
17
2
7
15
17
23
6
12
14
2
12
21
23
3
4
3
16
14
19
24
6
20
24
18
24
10
23
15
15
6
8
21
16
3
5
9
13
11
7
23
21
14
5
23
10
19
14
12
2
11
22
24
14
13
8
17
9
8
5
2
18
17
10
20
14
20
5
21
7
15
22
1
12
13
9
6
12
9
22
10
7
24
22
16
15
22
13
8
8
21
22
11
5
6
19
9
2
19
11
3
10
12
16
17
10
9
5
10
12
8
19
2
20
22
17
15
1
12
24
1
7
3
5
18
6
14
20
1
9
6
13
6
9
24
10
9
19
14
19
9
21
7
18
18
2
18
6
14
15
1
17
21
23
8
22
19
3
