24
20
18
1
2
21
1
2
12
14
2
19
13
12
6
11
23
9
13
9
13
11
21
20
6
4
21
20
19
10
3
17
23
21
7
2
3
6
10
24
14
7
15
11
7
9
21
1
3
1
3
8
2
13
12
20
3
19
7
13
4
2
2
5
16
21
19
20
23
6
11
13
15
9
11
3
15
17
19
18
24
19
21
14
6
15
4
19
5
7
18
23
14
15
16
22
21
23
6
14
5
5
6
12
6
19
22
13
17
5
16
14
7
3
4
2
14
3
18
18
18
17
20
24
4
16
9
13
21
11
10
3
10
12
23
2
16
24
4
7
11
21
16
18
5
11
21
7
18
20
16
3
12
7
9
19
23
1
17
16
6
19
20
8
23
24
3
10
13
24
13
7
17
2
15
1
24
12
16
3
1
4
22
7
20
21
12
7
1
8
12
5
24
23
22
16
5
4
3
2
14
23
14
8
4
4
11
1
2
24
24
7
20
9
6
1
17
7
17
4
6
13
4
22
10
19
15
10
15
20
4
7
15
8
21
5
9
23
5
22
12
19
8
5
17
1
6
21
7
23
23
4
9
11
1
14
17
2
23
6
5
18
7
16
24
15
10
22
4
18
17
10
17
24
21
17
22
8
5
11
23
24
24
24
15
22
13
5
11
18
1
7
17
6
5
9
2
7
7
6
5
3
20
19
2
19
24
4
15
15
13
20
21
24
9
4
12
20
14
23
15
13
21
20
9
14
18
17
12
20
7
18
6
15
11
3
13
1
15
8
16
8
12
10
4
17
9
7
21
22
20
19
3
17
14
7
5
8
18
24
11
16
2
9
1
17
6
3
1
2
2
12
10
10
14
12
10
5
12
16
19
5
9
9
17
22
8
7
15
24
14
16
3
9
6
23
13
9
16
11
9
10
11
13
5
20
18
6
4
5
12
16
5
19
6
9
9
1
16
17
16
19
11
20
12
16
3
12
1
19
14
4
1
4
13
9
13
1
1
1
13
2
9
23
12
15
9
3
16
11
10
4
24
4
18
6
2
12
2
23
16
21
11
7
23
18
5
11
17
24
16
17
18
12
11
5
16
5
12
15
4
1
21
23
4
5
1
14
19
23
24
9
7
12
9
14
18
7
10
24
22
17
24
12
15
3
17
14
16
8
3
21
1
14
6
23
12
13
22
19
12
5
21
8
10
4
14
22
6
8
20
21
19
21
12
17
3
20
11
8
9
17
21
18
12
12
5
22
10
11
18
11
22
11
12
14
1
1
18
10
15
18
16
2
23
23
23
16
11
14
8
17
13
22
11
5
21
9
9
15
21
8
3
5
23
8
14
10
20
20
7
14
7
14
4
8
9
24
24
5
9
11
5
22
18
21
23
20
20
22
14
7
20
5
1
6
3
14
15
12
21
15
10
23
5
7
3
20
10
17
1
20
7
6
15
23
11
21
10
3
8
8
9
4
7
23
10
7
9
23
18
7
19
13
5
9
22
19
21
23
11
15
1
17
5
8
2
24
24
4
2
4
19
4
4
4
11
12
9
14
14
21
23
21
5
8
5
19
17
7
20
17
1
15
24
4
11
7
19
18
3
15
9
15
7
8
13
20
22
22
22
24
21
13
6
24
3
2
2
13
20
6
7
4
1
12
3
15
4
18
8
22
4
14
23
19
13
1
23
11
19
14
22
10
7
13
11
1
13
10
5
7
22
14
7
22
7
6
12
9
9
7
23
9
1
9
19
17
6
14
4
21
19
19
4
17
10
17
17
20
24
13
15
1
10
9
18
19
21
5
24
7
17
17
2
16
5
5
1
20
22
15
13
18
1
13
14
3
7
1
9
14
18
3
21
5
7
5
9
21
21
12
5
11
12
12
2
24
16
5
8
11
1
12
11
17
11
16
12
23
17
13
19
24
9
12
2
6
16
8
19
16
18
2
8
19
13
19
1
10
12
18
9
10
15
19
14
19
24
11
10
21
20
3
23
4
23
4
20
19
18
18
9
22
22
8
24
5
8
20
19
18
16
7
15
7
12
2
23
15
16
1
15
15
16
1
20
13
1
2
4
21
11
16
13
7
12
13
17
14
14
13
19
19
18
8
19
1
22
2
3
4
22
7
14
8
17
5
5
22
20
13
9
11
22
18
9
9
10
23
15
7
2
23
4
2
15
7
19
4
9
6
3
10
18
17
2
8
11
16
6
14
13
16
3
3
9
22
13
15
9
7
9
2
21
18
7
12
22
15
21
20
21
13
16
9
21
23
6
14
