5
15
8
17
21
12
12
16
9
16
9
4
3
23
12
20
24
1
2
13
4
15
20
15
22
22
18
23
14
19
10
7
14
20
5
16
12
5
21
8
23
17
19
13
4
21
13
12
6
8
20
6
8
13
12
4
23
13
22
17
19
18
20
18
17
1
18
12
2
3
7
7
12
13
12
21
19
10
24
6
17
3
13
9
16
7
17
19
21
21
13
7
13
22
12
24
15
24
4
3
19
21
3
2
5
4
23
12
3
3
24
2
19
20
21
10
23
15
13
7
11
21
12
11
18
9
5
5
18
10
9
6
2
11
23
15
19
19
21
24
13
1
24
12
23
20
2
22
8
5
17
10
11
21
4
2
13
15
8
20
23
7
16
12
16
23
20
19
8
14
15
20
9
19
11
13
17
8
9
23
13
11
14
13
11
7
16
2
7
10
15
18
13
1
13
7
10
16
1
20
17
10
5
21
13
19
4
7
10
24
18
7
5
24
17
18
21
1
22
20
21
12
16
24
22
4
3
18
19
6
8
6
20
10
3
7
15
2
13
10
10
11
11
22
16
23
3
5
10
13
16
22
8
11
16
2
14
2
3
8
21
11
8
7
12
2
14
23
5
17
6
3
11
15
24
24
14
23
4
6
17
7
22
6
16
24
19
14
11
19
16
12
20
15
15
22
8
6
19
7
13
24
24
12
12
7
6
11
8
11
5
8
14
21
19
17
19
4
6
9
4
17
17
4
16
16
12
6
12
24
23
19
23
3
17
3
23
4
10
3
20
9
19
5
14
3
10
20
17
7
11
21
16
12
23
2
4
6
9
21
15
15
20
20
7
5
12
24
10
22
24
21
13
9
5
11
9
24
9
15
9
8
4
3
2
7
9
8
22
18
17
13
19
15
14
7
17
23
12
16
10
8
5
1
21
19
8
19
6
22
7
16
22
21
19
7
24
10
18
11
17
5
19
23
24
10
10
8
17
15
18
7
12
4
19
5
19
1
8
10
2
8
20
10
8
14
13
8
15
2
21
6
2
1
13
5
20
3
24
11
24
12
24
6
14
7
20
22
24
10
8
3
1
19
23
12
8
24
21
21
3
4
13
13
4
20
9
2
24
19
2
18
15
8
2
17
23
4
24
18
21
7
17
16
19
14
3
17
15
23
18
11
6
24
3
14
23
4
12
1
19
15
23
12
7
18
3
5
21
21
11
4
6
23
15
3
23
17
1
14
4
15
15
19
9
2
6
14
1
18
8
4
9
2
19
1
11
22
21
16
6
6
5
13
8
4
21
11
3
11
23
20
3
17
13
3
10
22
13
13
9
17
15
2
24
3
10
23
3
20
9
23
23
13
13
5
14
19
6
22
7
10
1
24
19
18
16
8
15
16
1
22
24
14
3
22
3
21
12
2
3
13
21
7
1
11
17
13
22
18
23
18
5
19
23
19
3
7
19
3
10
10
14
19
2
7
13
24
5
4
8
10
14
20
2
9
21
3
5
21
2
5
10
14
13
16
14
4
18
24
9
14
7
22
20
15
6
8
1
8
24
5
19
18
22
16
24
15
9
17
14
1
9
6
20
18
14
3
10
14
17
20
19
19
18
22
21
1
14
13
18
22
15
8
16
4
19
7
20
13
1
4
3
1
1
24
7
4
7
21
12
9
8
7
22
7
17
7
2
16
24
18
9
23
2
9
13
7
15
11
7
6
20
15
12
15
2
9
3
19
7
1
19
21
17
9
9
21
20
9
22
18
17
14
22
17
4
13
20
14
4
9
5
16
8
2
20
8
18
18
19
4
1
1
2
5
14
3
3
3
17
16
16
15
4
21
15
20
3
15
18
15
5
11
2
7
18
18
5
24
1
8
12
22
24
16
21
15
5
11
9
24
1
18
3
17
8
12
2
10
1
9
24
13
2
10
5
8
24
9
3
13
20
8
4
24
17
23
6
8
8
24
18
17
17
2
21
1
10
4
5
10
22
16
21
20
6
10
10
3
22
4
11
4
5
13
21
12
24
4
8
23
4
7
10
1
22
8
8
23
12
13
18
5
19
8
21
5
7
11
22
9
21
17
18
17
22
3
4
11
6
3
19
13
6
11
23
4
12
11
17
11
2
14
22
24
2
8
16
20
2
24
7
8
13
11
23
17
7
24
3
17
1
20
17
14
11
19
3
6
16
16
3
18
14
3
7
18
22
1
7
18
21
1
11
7
23
21
22
5
15
14
10
14
20
15
4
9
11
22
24
23
5
8
2
8
17
19
17
15
