19
3
21
18
19
15
6
9
20
11
4
6
5
7
1
24
3
17
1
19
13
14
20
3
13
19
16
21
15
20
20
8
1
7
21
24
16
12
17
24
22
4
5
14
20
2
1
23
7
11
23
22
16
4
21
4
23
10
19
1
21
15
10
12
20
6
5
22
4
21
6
13
9
23
1
20
8
18
8
24
6
10
8
2
21
22
1
10
14
11
4
13
5
9
15
12
7
1
21
23
21
15
19
11
3
9
12
5
2
19
17
19
18
3
15
10
8
23
18
12
23
8
24
24
15
2
16
10
14
15
2
13
6
20
19
9
9
3
21
9
7
5
11
22
3
9
4
18
4
15
6
23
14
18
11
23
12
24
20
17
3
5
19
11
23
13
20
18
17
16
20
18
14
13
1
20
2
5
8
9
17
16
12
7
1
4
6
1
3
3
20
7
1
9
7
12
15
23
3
20
22
8
19
10
21
1
16
17
13
17
11
20
12
20
19
9
24
9
8
18
19
8
7
6
21
5
16
18
10
3
16
24
3
16
23
19
20
14
11
17
4
10
14
16
9
16
17
3
1
24
1
21
24
19
4
1
18
18
12
21
23
23
14
18
15
13
18
14
17
23
10
5
2
11
2
13
17
12
16
24
6
2
9
18
22
22
22
17
12
11
19
20
15
20
21
18
4
19
21
16
11
13
17
20
23
21
1
8
13
18
17
10
20
18
4
15
7
15
5
5
1
21
13
2
10
5
23
6
21
1
1
23
14
4
3
14
12
16
13
1
12
7
6
20
21
13
2
15
16
16
10
9
6
6
3
17
7
14
21
2
17
2
22
14
13
1
7
8
2
24
4
8
15
18
24
16
13
12
5
11
2
11
12
13
6
18
11
18
10
13
17
15
22
10
9
13
15
18
19
16
16
17
17
13
24
22
14
17
24
22
12
19
4
8
13
12
14
1
10
1
16
2
4
5
14
14
17
7
24
23
17
19
5
2
13
21
16
19
8
19
18
23
19
12
3
11
11
15
9
15
7
14
23
3
6
15
8
21
14
7
14
19
15
20
12
16
3
24
12
13
2
3
21
15
15
23
13
11
6
20
14
13
20
22
5
9
18
12
18
5
11
3
18
5
11
12
6
21
14
4
22
14
1
10
12
17
3
10
14
10
10
5
4
6
24
19
13
19
9
7
4
20
4
1
24
6
4
21
10
17
11
3
22
8
17
19
22
11
13
6
7
15
12
21
18
13
14
24
7
14
10
24
5
17
13
9
14
16
7
24
19
7
21
11
10
12
24
15
18
13
10
10
17
12
13
21
10
16
17
9
5
4
19
24
15
6
18
22
18
2
4
17
10
16
1
19
13
2
1
19
18
4
21
15
12
22
1
9
6
18
9
8
6
13
20
4
16
11
7
6
23
20
18
8
2
22
10
14
13
10
17
5
8
14
13
6
8
15
16
21
4
15
13
8
12
20
6
12
7
11
24
8
20
19
3
19
3
15
8
11
21
16
19
9
5
8
13
16
18
6
19
9
16
14
4
23
17
4
4
8
14
7
3
19
18
2
9
6
8
17
20
9
20
2
23
8
1
7
18
22
16
10
19
18
19
6
23
13
15
1
19
10
1
23
19
7
2
11
23
6
15
24
13
18
1
23
1
21
11
1
6
13
16
24
23
10
1
24
18
11
12
9
6
14
1
9
11
10
21
6
12
16
10
14
10
7
4
22
17
21
16
22
13
11
10
4
13
16
18
5
15
4
23
3
13
8
13
23
19
8
14
12
19
19
24
22
16
20
2
10
21
24
2
15
11
4
22
18
1
4
18
20
6
11
1
1
4
5
2
9
16
11
18
6
13
15
10
24
16
23
22
21
22
10
5
16
12
24
14
20
19
20
24
12
5
9
3
4
11
2
6
3
1
20
15
17
4
6
16
12
10
11
22
11
24
9
24
20
16
17
11
1
23
10
5
4
6
21
21
4
24
19
24
20
4
19
20
21
16
8
15
6
16
21
16
7
12
19
9
4
11
10
2
4
16
4
5
10
14
4
23
7
23
11
21
19
12
4
5
16
9
21
19
3
22
4
13
10
17
10
9
21
19
15
14
9
19
16
3
10
14
23
11
7
22
23
16
4
9
6
12
9
20
6
7
10
20
20
24
22
4
4
14
1
11
11
2
23
12
21
16
8
20
18
16
22
13
11
17
15
22
11
21
21
9
4
15
14
12
4
16
20
22
16
17
13
13
5
19
22
7
17
17
5
23
13
12
4
15
4
