9
15
3
14
16
18
16
10
12
8
22
5
10
20
5
24
4
15
1
10
22
11
18
22
23
11
13
9
14
16
7
7
19
24
22
12
15
5
18
22
5
6
3
24
14
13
20
12
18
19
19
12
6
22
18
22
6
19
23
16
23
9
19
4
1
12
21
15
17
10
15
10
15
9
6
19
4
23
2
22
9
21
3
19
21
17
10
1
10
9
1
23
18
15
17
14
11
13
22
3
6
11
14
19
21
5
13
15
5
21
1
9
13
18
3
10
9
21
9
16
23
22
20
7
19
3
20
21
17
17
15
16
3
9
22
11
7
24
15
11
19
8
10
8
7
22
1
21
17
4
24
18
18
15
5
8
2
16
15
11
11
21
17
2
23
2
8
22
5
20
24
20
17
16
18
17
23
19
5
19
6
24
6
19
17
1
20
20
10
21
20
1
5
5
21
22
19
12
24
22
24
8
11
23
3
10
5
10
10
11
4
11
9
15
12
4
20
15
4
4
16
17
23
22
12
15
21
7
17
11
22
19
23
17
19
24
24
14
21
4
15
12
2
16
20
22
3
2
18
14
21
10
21
2
10
10
16
6
11
21
15
24
20
15
6
3
19
19
19
10
15
13
5
10
16
7
12
8
11
5
9
24
20
8
22
15
19
3
6
15
4
10
17
19
14
6
12
2
24
19
5
1
2
10
14
1
12
19
12
23
18
20
21
14
2
20
3
11
24
2
10
11
14
2
13
6
15
24
6
1
8
6
20
6
22
6
24
7
4
21
2
11
5
18
18
5
9
4
20
6
12
14
9
8
4
7
13
9
22
8
6
13
12
2
13
10
17
22
7
18
15
8
7
2
5
15
8
16
7
9
2
14
10
16
2
9
4
2
21
7
5
13
12
12
4
20
3
13
23
10
23
19
20
13
7
5
7
6
16
17
6
13
20
11
9
4
21
19
12
18
9
13
23
10
11
13
8
15
1
4
9
22
23
5
20
11
6
12
15
19
15
19
14
13
6
24
23
24
5
15
10
9
22
5
13
7
16
9
21
24
4
5
6
20
1
24
16
8
21
8
10
7
19
11
21
7
7
4
10
11
20
15
1
13
22
22
8
2
14
24
12
22
18
4
13
7
17
13
11
10
1
20
3
10
5
22
24
3
14
19
4
14
17
13
18
18
19
10
17
24
4
8
5
23
2
20
21
17
4
15
18
2
2
19
15
9
15
9
7
15
11
24
9
11
14
17
11
11
4
7
15
17
5
3
1
14
17
16
24
18
14
1
11
6
21
14
1
23
3
1
21
1
14
14
11
20
20
3
22
3
16
19
5
24
19
21
13
20
18
17
15
24
16
6
7
15
21
22
8
9
17
10
11
16
4
20
2
4
18
17
7
16
5
11
13
21
11
2
24
23
17
22
16
14
4
12
15
20
22
2
23
6
3
4
19
7
16
22
2
4
6
10
3
10
11
11
14
1
4
22
8
14
12
8
1
3
3
18
22
21
13
20
11
15
3
18
2
2
18
11
4
3
16
3
11
18
21
21
16
11
16
6
21
24
23
1
17
2
23
19
19
4
10
14
9
3
20
14
2
11
6
21
20
11
12
19
19
12
12
11
5
9
1
9
9
4
21
24
16
21
12
13
5
15
18
22
7
21
11
18
21
2
23
6
18
5
13
19
8
12
2
3
23
3
23
12
15
1
14
13
6
18
3
2
23
7
19
9
13
22
22
3
2
1
20
15
17
22
19
22
11
23
14
14
10
17
22
16
24
22
3
12
12
9
3
3
13
9
16
18
23
17
20
15
12
19
13
1
13
18
3
5
4
1
10
3
15
17
8
8
18
8
2
23
7
4
21
6
22
7
2
16
6
21
21
6
22
2
7
3
15
22
6
14
22
20
13
4
12
5
2
5
19
17
9
4
17
13
21
18
19
8
18
22
23
14
12
9
21
24
18
9
4
14
21
22
17
21
13
11
18
1
6
15
16
4
14
20
9
18
12
1
10
22
18
22
19
1
17
7
13
4
10
24
2
1
2
13
5
19
10
24
8
4
8
16
24
14
18
20
16
18
18
22
10
13
23
5
5
1
8
2
15
14
8
12
16
16
21
3
17
7
13
10
2
9
6
1
15
20
7
14
13
18
3
23
22
8
6
4
22
1
20
10
23
24
7
15
12
8
24
6
18
8
15
8
8
17
16
11
6
14
15
5
3
15
10
19
3
2
23
12
3
12
12
16
4
9
17
23
1
9
8
4
14
14
23
11
21
14
