7
7
6
6
4
24
10
13
9
13
12
22
16
6
7
7
12
19
1
2
15
21
5
24
5
2
13
21
12
12
18
8
13
14
14
9
12
16
7
22
4
23
6
7
18
15
5
10
21
18
4
4
13
3
8
23
6
7
6
7
15
4
24
19
15
24
17
9
24
21
23
8
18
4
21
4
18
14
10
6
15
18
12
4
19
1
15
4
13
16
1
15
23
8
4
16
19
6
20
17
15
8
15
10
15
17
3
2
15
14
18
24
20
16
21
9
2
3
22
2
4
17
14
15
7
7
20
15
15
12
2
23
23
7
22
15
20
8
19
21
3
4
3
16
24
21
21
24
14
5
12
11
5
1
6
7
17
9
11
17
22
8
11
15
3
17
21
19
8
7
15
21
21
5
20
5
17
8
23
24
17
14
6
23
1
20
20
21
6
20
21
2
15
22
5
5
17
6
1
4
5
19
22
6
21
1
15
17
1
24
9
24
16
9
22
20
20
15
7
4
22
1
14
15
2
20
4
12
19
18
23
8
14
20
10
23
7
21
12
10
16
19
15
10
2
5
16
7
8
18
2
24
3
1
7
6
6
7
5
20
12
16
19
15
12
15
4
13
15
5
15
9
10
16
11
15
2
13
11
11
22
22
17
2
12
6
6
20
9
10
12
23
23
24
2
17
14
3
5
17
16
21
23
22
20
11
16
15
6
22
17
12
5
2
12
20
6
20
17
12
9
17
9
3
15
18
3
6
22
16
4
24
8
1
11
19
8
13
23
14
21
10
10
6
14
10
18
1
10
13
13
9
15
21
4
6
6
21
23
20
6
1
15
6
14
10
2
14
10
17
10
7
13
24
21
12
15
21
12
6
2
16
20
12
4
16
11
16
17
23
7
4
3
1
23
6
19
23
16
12
10
4
6
24
20
11
15
6
17
8
13
16
17
15
11
2
15
17
24
19
9
7
1
10
12
12
7
4
14
19
19
7
10
24
23
1
8
13
9
14
21
16
15
8
6
4
17
10
11
11
14
13
12
4
21
24
23
10
21
17
16
14
8
22
20
12
9
19
19
22
16
4
11
17
1
3
11
16
17
1
21
14
14
4
15
2
23
19
5
11
11
8
13
3
8
11
19
5
4
5
15
3
14
1
1
22
7
22
23
13
18
20
8
10
18
24
22
15
24
16
13
15
8
7
22
15
22
1
21
15
19
1
17
8
19
16
12
24
15
20
15
15
5
5
9
22
8
17
8
9
24
3
18
7
17
16
8
5
22
20
18
18
2
4
1
7
13
16
13
2
24
14
9
9
5
17
6
5
4
6
19
24
11
15
24
9
6
8
1
23
17
23
1
17
8
19
19
24
6
13
19
11
14
1
13
2
3
7
8
15
6
5
11
5
11
10
3
6
5
15
10
5
5
11
3
4
22
23
23
22
9
12
4
1
7
24
8
5
19
2
6
10
22
22
2
22
9
20
13
13
22
19
9
18
3
14
1
22
24
21
24
22
23
6
17
19
15
14
4
12
23
3
17
21
9
17
11
18
7
10
20
24
7
18
3
6
23
7
8
16
1
4
14
3
14
15
22
6
16
21
24
14
24
24
7
3
8
20
24
13
21
20
13
10
9
14
16
13
12
22
13
23
11
14
3
11
1
17
13
13
9
4
23
14
18
9
15
18
5
22
7
16
9
3
9
9
5
11
8
2
18
6
24
24
5
13
6
17
21
12
19
19
21
6
2
17
6
10
17
12
3
15
19
20
3
11
18
18
6
15
16
10
8
22
22
9
20
9
14
12
22
19
6
20
18
12
17
9
5
19
23
19
10
8
24
3
17
23
2
9
15
18
22
24
13
7
9
24
5
17
11
14
8
9
5
5
5
23
18
2
3
17
16
15
11
1
11
10
6
24
11
18
20
19
2
7
2
3
21
7
16
3
16
17
23
23
1
24
10
19
14
11
24
13
11
17
16
4
19
1
9
14
4
23
4
15
9
15
22
5
12
12
16
10
4
19
5
3
3
4
14
12
11
9
5
3
6
15
1
7
13
2
18
15
8
24
7
14
7
16
19
23
13
7
24
13
5
11
16
20
15
1
18
12
3
4
10
9
3
8
5
23
13
15
9
23
16
11
17
1
3
17
22
14
17
22
4
24
11
21
24
10
6
2
23
10
14
10
12
8
9
18
3
16
21
10
8
10
1
20
1
18
24
8
15
4
1
14
7
12
2
19
18
5
5
23
8
2
23
8
23
21
17
20
4
13
23
7
24
21
