3
16
22
3
10
17
23
17
1
4
10
4
7
3
12
5
7
16
4
4
11
7
2
20
8
10
15
21
23
22
15
3
9
1
5
10
5
20
3
6
14
10
21
8
4
23
3
5
5
8
22
22
24
7
11
11
12
4
21
4
5
21
19
4
22
13
12
5
13
15
3
11
20
11
3
20
13
13
8
3
6
15
2
22
13
15
13
1
12
4
7
9
22
4
15
4
7
14
7
14
3
23
8
18
14
20
10
15
21
13
24
21
3
18
21
19
22
13
4
19
15
11
13
15
11
23
4
3
16
17
3
7
5
10
18
1
16
13
13
16
22
21
18
3
15
11
10
23
19
20
17
22
11
11
9
13
5
7
2
22
7
20
5
17
17
21
5
7
20
17
15
15
13
24
4
21
22
18
8
15
4
15
1
21
3
2
5
4
24
23
8
10
8
3
16
13
15
7
11
9
8
22
13
5
15
6
13
14
17
4
8
2
13
11
7
10
5
18
2
10
13
3
11
16
21
19
13
23
10
4
14
24
15
22
10
15
11
22
11
23
21
23
13
4
11
8
1
12
8
7
3
12
15
18
17
14
11
18
19
16
17
19
8
4
24
22
8
2
16
13
16
21
4
5
10
9
15
24
24
22
4
5
19
20
7
11
6
11
12
19
12
24
6
2
19
23
20
8
15
16
23
3
15
13
7
10
5
20
11
11
14
13
22
4
3
11
5
15
2
5
20
13
10
1
1
14
16
22
4
10
16
10
10
8
3
10
23
2
17
14
5
11
17
19
10
7
1
18
13
24
14
21
10
14
22
3
15
9
21
21
19
13
21
15
3
16
15
5
2
7
17
24
3
24
9
4
9
5
15
22
20
21
24
20
12
9
16
2
16
16
15
12
16
2
22
12
19
1
14
11
5
20
5
5
23
19
14
14
20
13
1
17
7
13
1
2
20
9
13
21
21
17
22
11
2
1
22
13
16
9
14
1
12
3
7
21
9
23
18
1
7
24
16
1
17
3
4
17
19
14
8
15
16
16
7
14
2
7
2
18
21
2
6
11
1
6
11
12
2
3
13
21
5
4
17
19
7
21
22
4
22
19
22
16
3
4
8
14
2
18
14
15
21
6
2
22
21
23
11
7
17
7
21
14
24
8
6
9
19
7
17
11
18
20
7
19
17
5
10
16
10
19
2
13
20
11
9
5
2
13
12
23
23
22
17
10
24
6
8
22
15
22
24
20
22
16
16
10
10
12
20
3
12
12
21
22
5
14
6
20
13
14
17
9
1
2
13
19
21
21
5
15
22
13
1
11
5
23
22
23
10
1
3
22
14
10
20
10
10
17
5
13
17
1
1
14
9
11
9
21
2
18
2
8
11
24
19
2
17
11
5
12
3
10
18
8
24
17
13
10
18
3
8
6
7
19
10
21
12
10
22
7
7
9
13
16
20
4
24
12
7
23
12
18
10
4
20
7
4
14
19
3
23
7
15
3
17
4
20
16
2
1
6
19
23
23
18
5
5
6
6
19
2
2
12
16
21
20
23
20
15
19
19
21
9
24
14
7
19
23
18
6
3
4
15
12
21
19
18
3
4
7
17
8
24
9
15
13
19
12
20
2
19
24
19
5
13
19
16
16
20
17
11
6
22
6
17
23
23
1
23
6
20
20
3
13
17
8
7
16
15
20
16
13
11
16
14
11
19
22
20
12
11
21
7
15
23
1
10
10
19
3
20
18
3
24
8
12
21
14
6
2
12
4
8
17
1
1
24
22
3
11
12
11
15
24
6
8
15
6
3
24
13
12
10
11
12
13
2
4
11
12
9
5
1
4
23
22
14
23
8
14
3
12
8
14
5
23
16
7
23
21
1
18
4
2
5
12
6
12
15
16
1
9
4
11
14
16
9
24
3
20
18
7
5
24
24
5
1
5
8
8
23
23
5
21
9
23
20
3
16
4
9
8
3
19
20
16
7
12
2
16
12
9
1
13
24
10
20
3
10
13
3
10
6
17
18
13
5
2
5
9
17
16
15
3
3
18
20
22
3
1
8
4
6
7
18
11
14
10
6
7
3
2
2
9
13
9
20
20
4
18
9
24
11
9
8
12
4
11
18
20
10
20
9
4
20
22
15
19
5
21
5
17
4
6
2
6
9
23
16
19
19
18
17
7
6
6
10
14
11
8
1
9
13
7
10
19
16
13
1
18
24
3
2
19
5
12
20
6
9
11
10
12
7
24
15
7
1
14
4
22
22
15
8
23
12
9
14
9
